6 8 8
0 0 0 0 0 0 0 0
0 4 3 1 1 50 1 0
0 3 0 0 0 0 1 0
0 1 1 -30 2 -15 1 0
0 1 0 0 0 0 1 0
0 15 0 1 1 1 1 0
0 1 1 1 1 -25 1 0
0 0 0 0 0 0 0 0
0 0 0 0 0 0 0 0
0 4 1 -35 1 1 1 0
0 3 0 0 0 0 3 0
0 15 1 1 1 -45 1 0
0 -50 0 0 0 0 1 0
0 1 1 1 2 1 1 0
0 9 1 25 -50 1 6 0
0 0 0 0 0 0 0 0
0 0 0 0 0 0 0 0
0 11 1 -40 1 1 1 0
0 2 0 0 0 0 1 0
0 1 0 4 3 -30 1 0
0 1 0 0 0 0 3 0
0 1 1 40 1 2 1 0
0 6 1 1 -60 1 1 0
0 0 0 0 0 0 0 0
0 0 0 0 0 0 0 0
0 1 2 0 1 1 4 0
0 9 -20 0 1 -3 1 0
0 1 1 0 11 1 1 0
0 1 0 0 0 0 1 0
0 1 1 1 1 1 3 0
0 1 20 1 1 1 1 0
0 0 0 0 0 0 0 0
0 0 0 0 0 0 0 0
0 1 2 1 0 1 4 0
0 1 -40 11 0 1 -5 0
0 1 0 1 0 0 1 0
0 1 1 1 0 1 1 0
0 1 0 0 0 0 3 0
0 1 30 1 1 1 1 0
0 0 0 0 0 0 0 0
0 0 0 0 0 0 0 0
0 1 0 1 1 0 1 0
0 1 -6 1 0 1 -7 0
0 1 0 2 0 1 1 0
0 1 1 1 0 1 0 0
0 1 0 0 0 1 3 0
0 1 18 1 1 1 1 0
0 0 0 4 0 0 0 0
